0.000000,0.000001,0.000031,0.000024,0.000059,0.000054,0.000025,0.000036
0.000001,0.000000,0.000036,0.000031,0.000054,0.000051,0.000016,0.000025
0.000031,0.000036,0.000000,0.000001,0.000024,0.000016,0.000052,0.000055
0.000024,0.000031,0.000001,0.000000,0.000035,0.000025,0.000055,0.000061
0.000059,0.000054,0.000024,0.000035,0.000000,0.000001,0.000031,0.000024
0.000054,0.000051,0.000016,0.000025,0.000001,0.000000,0.000035,0.000031
0.000025,0.000016,0.000052,0.000055,0.000031,0.000035,0.000000,0.000001
0.000036,0.000025,0.000055,0.000061,0.000024,0.000031,0.000001,0.000000
